Techniques=
TechniqueSorting=AmbientLight,FilmGrain2,Levels,MultiLUT,MagicBloom,Vignette,SMAA,FilmicPass,Mode1,Mode2,Mode3

[SMAA.fx]
EdgeDetectionType=1
EdgeDetectionThreshold=0.050000
MaxSearchSteps=32
MaxSearchStepsDiagonal=16
CornerRounding=25
DebugOutput=0

[MagicBloom.fx]
fBloom_Intensity=1.000000
f2Adapt_Clip=0.000000,1.000000
fBloom_Threshold=2.000000
fDirt_Intensity=0.000000
fExposure=0.500000
fAdapt_Speed=0.100000
fAdapt_Sensitivity=1.000000
iAdapt_Precision=2
iDebug=0

[AmbientLight.fx]
alDebug=0
alAdaptBaseMult=1.000000
alInt=10.150000
AL_DirtTex=0
AL_Adaptive=0
alThreshold=15.000000
AL_Adaptation=1
alAdapt=0.700000
AL_Dirt=1
alAdaptBaseBlackLvL=2
alLensThresh=0.500000
AL_Vibrance=0
alDirtInt=1.000000
alDirtOVInt=1.000000
AL_Lens=0
alLensInt=2.000000

[FilmGrain2.fx]
grainamount=0.050000
coloramount=0.600000
lumamount=1.000000
grainsize=1.600000

[FilmicPass.fx]
Linearization=0.500000
Strength=0.850000
Contrast=1.000000
Fade=0.400000
Bleach=0.000000
BaseGamma=1.000000
Saturation=-0.150000
GreenCurve=1.000000
RedCurve=1.000000
BlueCurve=1.000000
BaseCurve=1.500000
EffectGammaB=1.000000
EffectGamma=0.650000
EffectGammaR=1.000000
EffectGammaG=1.000000
LumCoeff=0.212656,0.715158,0.072186

[Levels.fx]
BlackPoint=16
WhitePoint=235
HighlightClipping=0

[Vignette.fx]
Type=0
Center=0.500000,0.500000
Ratio=1.000000
Radius=2.000000
Amount=-1.000000
Slope=2

[MultiLUT.fx]
fLUT_LutSelector=0
fLUT_AmountChroma=1.000000
fLUT_AmountLuma=1.000000

[FineSharp.fx]
sstr=2.000000
cstr=0.900000
xstr=0.190000
pstr=1.272000
xrep=0.250000
lstr=1.490000

